2 14 42 43 44 65
1 3 15 43
2 4 5 16 43 48 52
3 5 16 46 48 52 66
3 4 16 46
7 8 59
6 9 17 59
6 9 10 58
7 8 11 17
8 11 12 58
9 10 13
10 13 14 40 41 42 44 58
11 12 41 42 44 60
1 12 15 40 58
2 14 16
3 4 5 15
7 9 44
19 20 35 36 62
18 20 21 22
18 19 21 22 37 38 39
19 20 22 23 24 61
19 20 21 23 24 39 47 53
21 22 24 25 45 47 53
21 22 23 25 61
23 24 26 45 63
25 27 28 45 63
26 28 49
26 27 29 64
28 30 34 64
29 31 34
30 32 33 34
31 33 51 54
31 32 34 50 51
29 30 31 33 50
18 36 62
18 35 37
20 36 38 56 65
20 37 39 47 56 65
20 22 38 47 53 56 65
12 14 42 58
12 13 42 44 65
1 12 13 40 41 43 44 65
1 2 3 42 44 48 65
12 13 17 41 42 43 60 65
23 25 26 47 49 50 53
4 5 52 55 66
22 23 38 39 45 53 56 65
3 4 43 52
27 45 50
33 34 45 49 51 57 66
32 33 50 54
3 4 46 48 66
22 23 39 45 47
32 51
46
37 38 39 47 65 67
50 66
8 10 12 14 40 68
6 7
13 44 67
21 24
18 35 67
25 26
28 29
1 37 38 39 41 42 43 44 47 56
4 46 50 52 57
56 60 62
58